0.06 5.8 30 50
0.08 5.8 30 50
0.1 5.8 30 50
0.12 5.8 30 50
0.14 5.8 30 50
0.16 5.8 30 50
0.18 5.8 30 50
0.2 5.8 30 50
0.22 5.8 30 50
0.24 5.8 30 50
0.18 3.8 30 50
0.18 4.8 30 50
0.18 5.8 30 50
0.18 6.8 30 50
0.18 7.8 30 50
0.18 5.8 0.5 50
0.18 5.8 10 50
0.18 5.8 20 50
0.18 5.8 30 50
0.18 5.8 40 50
0.18 5.8 50 50
0.18 5.8 60 50
0.18 5.8 30 10
0.18 5.8 30 20
0.18 5.8 30 30
0.18 5.8 30 40
0.18 5.8 30 50
0.18 5.8 30 60
0.18 5.8 30 70

1.56
1.6
1.81
2.1
2.67
3.3
3.85
3.8
3.2
3.11
1.32
2.82
3.66
3.01
0.812
0.92
1.24
1.18
3.67
3.49
3.28
1.37
1.41
1.76
2.45
3.01
3.43
3.23
2.99